10 
10 
1 
2 
0.1 
1 
2 
5 
0.3774 0.929717 2 
0.687021 0.395359 2 
0.742542 2.73296 2 
0.973445 2.84492 2 
1.18775 0.925662 2 
1.22004 1.90648 2 
1.36067 2.11583 2 
1.73484 2.39091 2 
1.79186 1.25583 2 
1.89207 0.918361 2 
2.09443 0.30874 2 
2.48831 1.19019 2 
2.84336 2.07415 2 
3.03909 0.257713 2 
3.41643 1.86401 2 
3.53399 0.534178 2 
3.6636 3.92582 2 
3.69807 1.01731 2 
3.84122 4.05838 2 
3.95558 3.81325 2 
3.96736 5.32782 2 
4.13793 3.24422 2 
4.31001 5.04295 2 
4.42143 0.359555 2 
4.57028 0.0389444 2 
4.77339 5.7047 2 
5.02153 5.41737 2 
5.33729 4.09105 2 
5.61031 0.561198 2 
5.89719 4.05323 2 
6.26179 4.09139 2 
6.61671 1.69384 2 
6.84151 1.90877 2 
6.93371 5.823 2 
7.18041 5.17269 2 
7.51387 0.0507105 2 
7.72666 3.99237 2 
8.12441 5.48053 2 
8.51903 7.16927 2 
8.74119 2.14782 2 
8.84984 4.31262 2 
9.13251 2.15029 2 
9.2628 6.33259 2 
9.51444 6.9613 2 
9.89419 2.801 2 
10.0453 3.28835 2 
10.1343 0.422734 2 
10.1914 8.67199 2 
10.5009 1.76142 2 
10.8276 3.55263 2 
11.192 6.50187 2 
11.5673 7.40636 2 
11.7251 5.49723 2 
12.0483 0.421815 2 
12.3373 4.57109 2 
12.7313 6.601 2 
13.003 7.00827 2 
13.2985 0.178012 2 
13.4838 5.18962 2 
13.8678 7.26054 2 
14.2466 7.48956 2 
14.5222 0.50035 2 
14.8792 0.821692 2 
15.2784 2.03712 2 
15.4994 4.1954 2 
15.7662 0.718934 2 
15.8736 8.51544 2 
15.9905 7.68711 2 
16.1193 8.95227 2 
16.4119 1.88042 2 
16.7755 8.06677 2 
16.962 2.31434 2 
17.0073 3.04059 2 
17.2125 6.24755 2 
17.5461 3.54183 2 
17.8056 4.69301 2 
18.1309 1.8624 2 
18.2708 4.60597 2 
18.6521 5.22405 2 
18.8132 2.24448 2 
19.2031 1.65216 2 
19.4107 0.0245539 2 
19.5764 0.477239 2 
19.6622 1.07762 2 
19.7069 0.0569323 2 
20.0792 5.20795 2 
20.4146 3.52498 2 
20.6941 5.07194 2 
20.805 5.45937 2 
20.8283 5.51336 2 
21.2121 1.02159 2 
21.5705 2.71546 2 
21.5841 5.10198 2 
21.6634 4.41808 2 
22.0156 3.57721 2 
22.1701 5.48744 2 
22.3736 4.85614 2 
22.7201 2.16676 2 
22.7685 0.474087 2 
23.1476 1.68124 2 
23.5202 0.334007 2 
23.6674 2.36058 2 
24.0401 0.118355 2 
24.1077 0.574266 2 
24.2945 1.52348 2 
24.5895 1.80751 2 
24.64 2.58425 2 
24.9907 2.10164 2 
25.0046 1.3514 2 
25.1807 1.29495 2 
25.2593 1.66008 2 
25.5157 0.288375 2 
25.6271 2.16632 2 
25.6343 2.83529 2 
25.9117 1.2642 2 
26.265 2.84948 2 
26.4826 0.626009 2 
-1
