10 
10 
1 
2 
0.1 
1 
2 
5 
0.377400107 0.929716511 0.52 
0.68702106 0.39535917 0.15 
0.742542321 2.732962627 0.17 
0.973444687 2.844922422 0.23 
1.187748309 0.925661476 0.13 
1.220043764 1.906480887 0.82 
1.360671484 2.115825259 0.71 
1.734840714 2.390910254 0.76 
1.79185785 1.255832405 0.5 
1.892066776 0.918360957 0.72 
2.094426043 0.30874043 0.93 
2.488314906 1.190185066 0.66 
2.843362167 2.074151485 0.59 
3.039086929 0.257713334 0.65 
3.416426202 1.864006163 0.58 
3.533987411 0.534178477 0.54 
3.663604915 3.925823445 0.27 
3.698074838 1.017312469 0.35 
3.841220447 4.058379676 0.42 
3.955577221 3.813253446 0.73 
3.967363213 5.327816235 0.39 
4.137928772 3.24422483 0.56 
4.310007992 5.042945392 0.01 
4.421434595 0.359555167 0.42 
4.570282677 0.038944392 0 
4.773394521 5.704699432 0.92 
5.021531912 5.417374786 0.81 
5.337291681 4.091051874 0 
5.610306396 0.561197554 0.87 
5.897188664 4.05322644 0.07 
6.261786395 4.091391687 0.93 
6.616708329 1.693835808 0.91 
6.841512089 1.908766585 0.22 
6.933709522 5.823003428 0.62 
7.180411555 5.172686739 0.15 
7.513872772 0.050710484 0.87 
7.726654948 3.992366511 0.44 
8.124413101 5.480532871 0.38 
8.51903166 7.169272525 0.15 
8.741185978 2.147816286 0.46 
8.84984174 4.312624534 0.1 
9.132514189 2.150286736 0.08 
9.262803754 6.332594934 0.65 
9.514443143 6.961295618 0.22 
9.89418762 2.800997713 0.25 
10.04528702 3.288351233 0.23 
10.13426957 0.422734139 0.76 
10.1913916 8.67199448 0.05 
10.50090371 1.761417468 0.11 
10.82764146 3.552634888 0.18 
11.19200778 6.501871162 0.78 
11.56727291 7.406355459 0.5 
11.72505617 5.497234294 0.74 
12.04825235 0.421814629 0.79 
12.33730418 4.571087447 0.44 
12.73132692 6.600997416 0.27 
13.00303122 7.008267648 0.24 
13.29852438 0.17801206 0.25 
13.48377849 5.189617002 0.27 
13.8677771 7.260544366 0.63 
14.24662565 7.489560211 0.84 
14.52223223 0.500349924 0.72 
14.87917699 0.821692078 0.54 
15.27842116 2.037123243 0.06 
15.49935943 4.195401605 0.34 
15.76624057 0.718934301 0.21 
15.87363731 8.515435844 0.45 
15.99050105 7.687109622 0.31 
16.11928255 8.95226638 0.59 
16.41194182 1.880422762 0.6 
16.7754812 8.066772406 0.29 
16.96203728 2.314337628 0.22 
17.00728213 3.040585136 0.68 
17.21254069 6.247552163 0.94 
17.54607686 3.541829181 0.96 
17.80558046 4.693010863 0.94 
18.13091958 1.862402745 0.18 
18.27076771 4.605967565 0.72 
18.65210183 5.224051392 0.99 
18.81320863 2.244482757 0.29 
19.20308263 1.652162915 0.42 
19.41070158 0.024553879 0.29 
19.57642835 0.477238741 0.31 
19.66221945 1.077621632 0.68 
19.70686792 0.056932331 0.61 
20.07916435 5.207954093 0.75 
20.41455165 3.524979342 0.47 
20.69407287 5.071935108 0.37 
20.80496764 5.459374808 0.53 
20.82826198 5.513356414 0.27 
21.21206231 1.021587325 0 
21.57049197 2.715464853 0.37 
21.58414505 5.101977615 0.99 
21.66340854 4.418077955 0.06 
22.01555935 3.577215024 0.96 
22.17013112 5.487442207 0.86 
22.37363845 4.856142118 0.28 
22.72009869 2.16675517 0.41 
22.76849017 0.474086686 0.17 
23.14763771 1.681236609 0.39 
23.5202385 0.334007097 0.02 
23.6673923 2.360582061 0.98 
24.04011095 0.118355068 0.13 
24.10766382 0.574265545 0.22 
24.29451005 1.5234779 0.93 
24.58945325 1.80751139 0.09 
24.63996847 2.584250886 0.68 
24.99068947 2.101641907 0.63 
25.00459818 1.351398898 0.81 
25.18073863 1.294953111 0.19 
25.25933557 1.660082256 0.44 
25.51566219 0.288374874 0.75 
25.62711466 2.166318679 0.01 
25.63431311 2.835290274 0.75 
25.9117316 1.264201481 0.44 
26.26502932 2.849480617 0.14 
26.48257567 0.626008986 0.02 
-1
